199 4 1
3260 3651 5460 6942 
8192 
6489 4187 5008 5325 
8192 
3288 1640 4160 3852 
0 
5351 4040 3995 8180 
8192 
1261 1099 3339 3468 
0 
3649 4013 3064 7827 
8192 
6144 4953 4118 2763 
8192 
3292 5147 5562 7005 
8192 
536 6883 7966 1536 
8192 
4899 5556 1305 1664 
0 
5283 4582 4407 3734 
8192 
6524 3951 5129 2405 
8192 
5437 5313 2346 5341 
8192 
3913 621 1101 3629 
0 
7831 7465 5974 1990 
8192 
6019 451 7855 5808 
8192 
3764 1827 5085 418 
0 
7011 6414 1274 1959 
8192 
521 1390 1347 1853 
0 
2185 3281 917 5821 
0 
4751 6568 7329 3982 
8192 
1442 4948 2173 3230 
0 
6110 3736 3123 6868 
8192 
7633 2742 764 1909 
0 
138 5876 3890 5901 
8192 
3456 3097 4359 6080 
8192 
1591 2608 6452 891 
0 
7901 3012 7845 8038 
8192 
5499 3457 945 7065 
8192 
5785 3678 4345 2051 
8192 
7518 1296 7380 2185 
8192 
6251 5451 2131 7226 
8192 
3870 5043 5684 2449 
8192 
4094 5428 4742 5362 
8192 
6658 5164 128 3878 
8192 
5684 7025 2865 1526 
8192 
8185 1220 7658 2496 
8192 
6703 5632 1242 6941 
8192 
6166 5868 3647 2822 
8192 
7996 2736 6941 6721 
8192 
1695 2007 1549 2179 
0 
219 3827 7813 746 
0 
3156 4761 7972 4924 
8192 
6719 3944 3978 4383 
8192 
1023 3975 4450 4333 
8192 
1767 4052 7620 1536 
8192 
6972 112 2283 2127 
0 
4228 3728 4481 1176 
0 
1740 1194 3855 5631 
0 
5202 4879 3740 4686 
8192 
3130 1319 7209 7270 
8192 
5463 5899 5164 2859 
8192 
7520 7963 6113 4398 
8192 
7713 6284 290 2230 
8192 
4388 4339 7130 5488 
8192 
745 2645 3731 5445 
0 
1509 7530 4278 4727 
8192 
134 5025 3250 7741 
8192 
3671 4160 3889 1740 
0 
6727 1763 7455 7342 
8192 
3301 442 2999 724 
0 
2298 2543 1271 2848 
0 
4072 4900 6690 4744 
8192 
7306 3420 3315 3660 
8192 
6075 491 6532 1038 
0 
289 23 1353 2187 
0 
8121 7374 7243 4251 
8192 
7979 7079 8152 4283 
8192 
5662 2777 5918 7356 
8192 
2282 5804 6625 2678 
8192 
7352 6800 6702 4895 
8192 
3256 7597 4023 7321 
8192 
7144 7326 5873 5374 
8192 
1900 6226 694 7245 
8192 
6811 1867 3560 2370 
0 
4209 6779 2818 6005 
8192 
5617 5609 7654 519 
8192 
4677 1062 4510 6694 
8192 
242 5318 1950 7534 
8192 
247 7692 3934 7409 
8192 
4502 978 7339 4632 
8192 
2393 7035 7085 2374 
8192 
3264 5301 279 6542 
8192 
6139 7241 5094 7238 
8192 
4687 8191 4762 1230 
8192 
5089 3732 2707 3344 
8192 
896 7064 7564 7270 
8192 
6277 6908 5647 4350 
8192 
4492 1981 545 1409 
0 
4193 913 2890 1252 
0 
2711 532 674 6405 
0 
655 7856 2412 3129 
8192 
2794 3252 3116 7922 
8192 
6845 4998 4086 1552 
8192 
7945 4044 2007 4683 
8192 
539 7858 2077 7990 
8192 
2908 7847 3474 7318 
8192 
6684 6030 5969 7768 
8192 
4858 4558 2737 6270 
8192 
5143 2424 7273 1937 
8192 
6891 3681 6477 8108 
8192 
4723 6775 4736 3706 
8192 
6010 780 7179 1959 
8192 
6117 2937 6597 4033 
8192 
4993 861 2751 108 
0 
2954 6820 5699 2192 
8192 
5896 3781 6801 430 
8192 
761 362 7557 2254 
0 
5830 5811 5467 6152 
8192 
7942 2354 5495 3854 
8192 
7053 3945 5770 4639 
8192 
842 202 6529 1564 
0 
5456 5162 1559 3921 
8192 
7856 2007 1793 7734 
8192 
3006 898 1390 944 
0 
3430 5300 5566 3254 
8192 
6302 187 6529 2636 
8192 
3666 380 2330 6173 
0 
2877 448 3519 1660 
0 
8005 6262 7021 3059 
8192 
3011 1011 5365 6147 
8192 
2775 3856 6246 7534 
8192 
759 7586 4945 7410 
8192 
7074 7344 2492 1219 
8192 
2634 7011 2076 1242 
0 
4023 4991 1921 4360 
8192 
3210 2779 2723 7118 
8192 
7973 4481 5004 74 
8192 
6844 1394 4549 2948 
8192 
7835 1282 7398 5251 
8192 
6598 4122 4927 3881 
8192 
6186 5382 2826 7171 
8192 
4791 1814 2959 6912 
8192 
7938 1393 4509 6355 
8192 
1501 1417 7334 4813 
8192 
4529 7546 4542 6108 
8192 
3868 7675 5488 7808 
8192 
5648 7902 2217 439 
8192 
1644 7675 2568 3353 
8192 
1119 644 7667 3150 
0 
6581 6902 2422 7382 
8192 
7736 4663 5317 5030 
8192 
1464 4804 2979 6336 
8192 
3944 2068 6342 504 
0 
1605 576 876 1244 
0 
5345 5080 3196 572 
0 
1563 6646 6802 1963 
8192 
4244 5932 3299 5129 
8192 
7464 4704 4357 4044 
8192 
256 8180 5650 7811 
8192 
6079 8108 8129 2453 
8192 
3934 7095 3150 7174 
8192 
992 7242 6174 1390 
8192 
1344 2932 1964 3859 
0 
6590 1069 267 2784 
0 
6647 7445 5336 6406 
8192 
1272 4484 6850 3957 
8192 
4047 7552 4995 5610 
8192 
6740 229 2034 2239 
0 
3931 430 4274 483 
0 
7365 3653 2526 4097 
8192 
5118 4259 5842 1282 
8192 
1455 1786 7098 5693 
8192 
2267 5081 8179 6888 
8192 
2003 2261 4288 6882 
8192 
1137 1528 4846 901 
0 
7709 61 1058 7464 
8192 
4249 1874 1513 4859 
0 
3051 6448 953 3224 
0 
6322 4455 3317 776 
0 
4472 1729 7679 1812 
8192 
4680 4573 4978 4851 
8192 
7013 7873 1179 3131 
8192 
2247 8155 3615 4630 
8192 
2411 5057 1837 1706 
0 
502 2822 3130 7509 
8192 
6525 3584 3408 3976 
8192 
1116 7345 8087 6893 
8192 
6257 1628 516 37 
0 
7522 1278 6943 5140 
8192 
3602 221 7836 2467 
8192 
3087 7761 342 7044 
8192 
7463 250 3091 5415 
8192 
5408 5749 158 1014 
0 
2065 2493 6818 7445 
8192 
686 2082 344 4781 
0 
7830 2152 5525 5133 
8192 
740 3506 4427 2519 
0 
7031 3408 7242 5712 
8192 
7009 4156 4208 4168 
8192 
92 7504 3418 2673 
8192 
2500 5117 7561 6923 
8192 
6370 1658 7830 377 
8192 
5167 4474 1704 3491 
8192 
2224 7457 6240 1762 
8192 
7642 6079 4250 863 
8192 
1281 7243 3646 2445 
8192 
943 897 5663 114 
0 
4520 4389 1867 3174 
0 
