200 4 10.147533802785 0.565840150983 0.0550846461155 0.15939010408 
0
0.0500251359897 0.449137695403 0.403055166068 0.511127284252 
0
0.697455473089 0.767074062043 0.0990634294964 0.986718081915 
1
0.72715972225 0.503453192265 0.561475917387 0.346227867671 
0
0.856254779938 0.2312884148 0.627016055003 0.050895234325 
0
0.118403711189 0.501854422419 0.814722904983 0.984195793147 
1
0.0824806153735 0.97685871399 0.927339314535 0.870451695842 
1
0.74921445411 0.708614852956 0.87593616493 0.0682576665272 
1
0.657083675579 0.726114677786 0.607367045122 0.661035195574 
1
0.908549810599 0.763180363904 0.973071809317 0.381407139102 
1
0.654908436011 0.578383444939 0.175088415601 0.2026346215 
0
0.895986933876 0.680818096364 0.203080997227 0.432337194699 
1
0.881180948597 0.130750860871 0.0733575935648 0.427435176772 
0
0.322651915014 0.911368647951 0.298408517638 0.525340235578 
1
0.427914965856 0.846723959073 0.0883774010375 0.165056693169 
0
0.565374438466 0.319023745979 0.273827521318 0.303053075267 
0
0.677779044455 0.780251139066 0.758417882016 0.890469135096 
1
0.214385102754 0.464283985916 0.412607055715 0.393025915765 
0
0.769511110343 0.633278568697 0.295981202825 0.0564898349975 
0
0.8976094299 0.94687720525 0.314451564027 0.62347532829 
1
0.662892806681 0.341253444194 0.0165263506951 0.754024084137 
0
0.601664115627 0.585411679897 0.895835828543 0.227051849913 
1
0.764580200094 0.930735504976 0.363324802144 0.482571612546 
1
0.791568587322 0.787527721702 0.210731729606 0.433587499596 
1
0.562542307587 0.857450111373 0.774942424102 0.491555047393 
1
0.100609452252 0.989133026868 0.778141723175 0.840580906623 
1
0.0839112230273 0.293429295239 0.361854186645 0.382333751464 
0
0.455059748246 0.798211644292 0.880812135239 0.115959650326 
1
0.550861142629 0.193827109294 0.771784964682 0.261879296801 
0
0.966238615926 0.86380244334 0.421395503563 0.778228329535 
1
0.601862519801 0.543546964501 0.763467278955 0.877207250697 
1
0.633726119962 0.658830612839 0.524193158326 0.46318593172 
1
0.662186796116 0.223955339402 0.600797610692 0.543974454559 
0
0.232166184664 0.964527074857 0.326018898572 0.502802996844 
1
0.028459783996 0.641196957887 0.860725971049 0.819517522579 
1
0.310128405551 0.169255290655 0.0718894410738 0.265163467054 
0
0.235292489903 0.0730932217232 0.112525260496 0.25239118268 
0
0.913125716638 0.272011152388 0.25816993695 0.631909191728 
0
0.154605058821 0.201063857911 0.19944466415 0.472401400359 
0
0.904453929991 0.899167681075 0.407724383989 0.434784927435 
1
0.0846849333719 0.911777277734 0.668211215418 0.685455142907 
1
0.639790870538 0.430078249671 0.39190698044 0.958205267588 
1
0.361360775196 0.310811082011 0.512146506202 0.716110715712 
0
0.655685860793 0.217709050155 0.457114033879 0.413251643583 
0
0.277864411358 0.658777103364 0.351441436177 0.763968440492 
1
0.494406051179 0.266001468517 0.950264157113 0.752877629955 
1
0.695721713944 0.69394947278 0.250598399105 0.714231463852 
1
0.192041747006 0.272699915428 0.954861313092 0.373332928977 
0
0.319247086026 0.543558502099 0.285733971881 0.617806570847 
0
0.278768207785 0.755427941669 0.724479384097 0.512941899372 
1
0.357703038855 0.168792026893 0.630421597427 0.350353454431 
0
0.426468581805 0.16415723099 0.242974534381 0.255935616019 
0
0.168323608167 0.669620810823 0.393037752615 0.0805996456021 
0
0.615707853497 0.390344693293 0.126578915448 0.973304759045 
0
0.934132025037 0.484616194697 0.859330497157 0.866004694067 
1
0.830386509179 0.77725507668 0.0921271128542 0.7731334617 
1
0.610529123485 0.226378474397 0.525729400071 0.623768248142 
0
0.00470385544304 0.317163176304 0.70081846888 0.0638198505752 
0
0.423366554796 0.396940481251 0.0681864647374 0.130679532968 
0
0.741789472564 0.754434790265 0.537322920119 0.751121828054 
1
0.370865438779 0.396957115624 0.398419184591 0.114100060191 
0
0.235125268978 0.923980255499 0.125161278595 0.447245232907 
0
0.491297902371 0.842436841974 0.838473223672 0.924434753837 
1
0.235327661675 0.375698175371 0.0502615112215 0.720952495581 
0
0.358466650756 0.485133578969 0.554637962198 0.947117789261 
1
0.84819106029 0.14371018027 0.376797252695 0.53984814437 
0
0.606136431379 0.948437851934 0.297841282281 0.928437089051 
1
0.170710860239 0.624181608347 0.587164577603 0.398690388627 
0
0.644733353452 0.327159929933 0.00628231954807 0.346992324621 
0
0.858013552537 0.151495705197 0.988193089504 0.803189980996 
1
0.85432990637 0.28964154041 0.986082884252 0.570859492653 
1
0.641146518461 0.334078092194 0.163145335082 0.437321983869 
0
0.514288006736 0.371974024093 0.828314690655 0.284696517588 
0
0.655837478482 0.455228156305 0.344004384762 0.243348893292 
0
0.0253509862588 0.0162834857018 0.279913407445 0.442189098113 
0
0.479130437483 0.567101559023 0.128696806292 0.959720825101 
1
0.959872850983 0.373968514779 0.523592387424 0.331411643938 
0
0.887874393102 0.924864623983 0.465388063977 0.221497541611 
1
0.245297105818 0.977184537449 0.34140823606 0.0476152162122 
0
0.823586345236 0.522940577469 0.391196441158 0.433514131191 
1
0.235633204648 0.04996829184 0.457163273969 0.629449919772 
0
0.40709998459 0.595536057633 0.0134895004019 0.972847068317 
0
0.38718106247 0.638179916556 0.718280097455 0.428665329263 
1
0.969532558866 0.697658086345 0.303291789982 0.101198707221 
0
0.887043270915 0.207212029922 0.47556554596 0.785352667164 
1
0.377405463469 0.886162587055 0.865750354937 0.263986626629 
1
0.838944686138 0.590611133736 0.0918957626906 0.0684429065394 
0
0.635087224921 0.221207227995 0.348118294946 0.928112936079 
0
0.94368512738 0.993153590684 0.337361978493 0.551069712026 
1
0.961378316684 0.777234651632 0.215349966424 0.83895136759 
1
0.727101497103 0.944301541551 0.184964835202 0.0739092871791 
0
0.161192998434 0.399044798053 0.850273075206 0.947824179968 
1
0.131469808823 0.808138555403 0.935586457275 0.132993289931 
1
0.0488198779377 0.439399930474 0.678897583343 0.327770632816 
0
0.50920341266 0.0354482008496 0.356481247115 0.648852395332 
0
0.263507264197 0.194908785449 0.113959550603 0.261498691428 
0
0.838980891031 0.548850354038 0.772683614554 0.301729527486 
1
0.0454035231957 0.931785125078 0.0684155641109 0.766764212598 
0
0.354450469872 0.0150365791393 0.0180650132238 0.272918757046 
0
0.566446542265 0.672745314217 0.89218312395 0.334823513334 
1
0.894278995049 0.440598351864 0.80869257696 0.730884918941 
1
0.206652445007 0.475715022093 0.915902234461 0.791101764612 
1
0.475471639305 0.988415456999 0.666768296555 0.0712145137515 
1
0.024270023839 0.403074256893 0.817854220349 0.121414791398 
0
0.547756922108 0.632367908067 0.835418414566 0.185346124052 
1
0.0508111534241 0.681233692552 0.211871646 0.848906663514 
0
0.146933300792 0.0761027964293 0.524372918067 0.569883031074 
0
0.912228795074 0.742198530655 0.353422680226 0.476553274834 
1
0.619162017554 0.318100850627 0.555329242295 0.563475454718 
0
0.754795592962 0.794611827143 0.501937668334 0.739923494242 
1
0.636576003123 0.167999856343 0.868699437714 0.807795281985 
1
0.459825659795 0.554601672508 0.700815711 0.965272789147 
1
0.964596295861 0.25557368245 0.338579888406 0.904118406182 
1
0.860142037796 0.944269380233 0.265175078072 0.672238085005 
1
0.221811654311 0.132573543976 0.222089200625 0.941583030678 
0
0.760838595193 0.717412795336 0.890506940411 0.450177683005 
1
0.0577365338253 0.138095573436 0.149717382833 0.672766982353 
0
0.978169140342 0.339490146457 0.600304609501 0.642382462555 
1
0.810663962289 0.614885936507 0.987901117643 0.446597413222 
1
0.444081463656 0.83257096868 0.88615548913 0.166314206269 
1
0.00632907519897 0.156964543289 0.317782683007 0.858166632723 
0
0.932986318431 0.0574824800365 0.941875687167 0.52497621004 
1
0.981655331597 0.828423518014 0.37426684741 0.659817851568 
1
0.761311855833 0.822950896707 0.586700236031 0.135917370235 
1
0.864258083901 0.61581876383 0.898774306182 0.905303523935 
1
0.026598628246 0.316268170945 0.33559091997 0.772259121092 
0
0.112206329193 0.033930018207 0.519783094644 0.528678061965 
0
0.692806624251 0.326219146044 0.12163106336 0.051995170572 
0
0.738992152405 0.613185825579 0.184629302102 0.166988727585 
0
0.110680303468 0.867944753836 0.258475926404 0.405112659441 
0
0.636896445165 0.387656647565 0.705964471524 0.431875968653 
1
0.804199227983 0.526630244448 0.562485615614 0.689469304693 
1
0.534349284957 0.134189624797 0.482627790024 0.0230657187767 
0
0.604454820239 0.0991782957583 0.261524378171 0.0314761034329 
0
0.472280655586 0.0293234165534 0.0404313461968 0.283901900674 
0
0.889411109216 0.101464582747 0.756183045618 0.718105505714 
1
0.0405988246662 0.166265892807 0.0732010934213 0.438239525995 
0
0.876195461178 0.0758942977177 0.749604409 0.275849394267 
0
0.291739831223 0.533581787182 0.945748401279 0.392698807437 
1
0.21340583627 0.925630270639 0.86000873521 0.809380673793 
1
0.859392722536 0.260404371657 0.66452381217 0.942686623636 
1
0.797740692849 0.0151294249735 0.961707839628 0.513848978684 
1
0.352702642851 0.930720459823 0.51037998451 0.763654585955 
1
0.746318130165 0.132146442963 0.730762810184 0.933730348395 
1
0.0173104404145 0.638566999403 0.578663746082 0.110943680555 
0
0.0302544636223 0.817611868351 0.960941232423 0.0339088500337 
0
0.525014243735 0.418366015199 0.329075600103 0.753624669975 
0
0.564332896023 0.0861584219218 0.759144078734 0.382646327225 
0
0.511111889616 0.375071340682 0.734409568517 0.667997673697 
1
0.977514115074 0.213498776281 0.992421547437 0.942979400064 
1
0.534100251551 0.796631722298 0.445029835492 0.820276316878 
1
0.7585508302 0.0972486742461 0.981769771799 0.287537352742 
0
0.665017966261 0.965949107573 0.21536866389 0.669552657793 
1
0.383376630154 0.335361522933 0.878094204965 0.623194197091 
1
0.0556547482326 0.835198249899 0.661450359123 0.812082362831 
1
0.244981844887 0.551549514837 0.0528709650829 0.851758404413 
0
0.976415768189 0.538454011349 0.673232956656 0.134925956166 
1
0.186754922274 0.63821567924 0.484229839255 0.0824532793077 
0
0.571241745757 0.705311131892 0.614044776829 0.137673836023 
0
0.304324937212 0.646685404354 0.907316641406 0.755848212038 
1
0.580987635853 0.95674100547 0.451873861958 0.276550868629 
1
0.392663117722 0.508748217133 0.675829186372 0.921567118938 
1
0.4692149234 0.923219509516 0.88869509364 0.197307924974 
1
0.946302531821 0.725387577629 0.776998106341 0.51276769308 
1
0.441550438876 0.754986967884 0.601606757521 0.883443373712 
1
0.585465762921 0.295374176763 0.305098639352 0.270541907942 
0
0.171042106097 0.935456738133 0.745392758321 0.772139255757 
1
0.812410980122 0.0127784237984 0.266283285579 0.315642810703 
0
0.945271030953 0.321788245246 0.687573063961 0.417300403058 
1
0.980609642165 0.0762106244345 0.592058382714 0.937045724953 
1
0.110397058578 0.421760544998 0.478075838578 0.255134492137 
0
0.418654843002 0.716801332221 0.725947894034 0.174504842978 
0
0.233852806793 0.649787373239 0.601559116546 0.235663874035 
0
0.0453709178478 0.77307338433 0.647318504493 0.792220086788 
1
0.168090011222 0.048362535842 0.796045640412 0.851963558069 
0
0.271982680282 0.917994811743 0.355567147095 0.416112737133 
0
0.766781926571 0.666219148148 0.599061074822 0.962281471111 
1
0.910260900902 0.0113668968319 0.743680947681 0.617959339689 
1
0.985457432026 0.914080601203 0.455558871365 0.494658380934 
1
0.738347901981 0.940047974207 0.791483372854 0.0830201862766 
1
0.790329066572 0.762524930851 0.200527377381 0.874679559286 
1
0.727469187521 0.814378461939 0.219555395617 0.578649102621 
1
0.998737386703 0.244916077025 0.0330443104836 0.282954815237 
0
0.773336596905 0.712600246669 0.210276101606 0.135722979051 
0
0.199588690842 0.674806727981 0.610058558587 0.207179460699 
0
0.856710917689 0.606838684101 0.725857468403 0.20717060148 
1
0.923794111609 0.808039003859 0.645534103808 0.173949783471 
1
0.714051732671 0.274293423712 0.774587155824 0.243064039568 
0
0.0384103956442 0.943381272903 0.289346372298 0.512238598346 
0
0.304959827531 0.697725354601 0.487133862702 0.173662639397 
0
0.595162120822 0.00814292440463 0.944665470435 0.892523993503 
1
0.526623281342 0.72106572002 0.569187818813 0.176236944103 
0
0.0570391303336 0.240823402182 0.0552298186627 0.411054490506 
0
0.929180121371 0.894515329126 0.854315861989 0.719384127987 
1
0.314212616304 0.545264617622 0.754489854459 0.343481821921 
0
0.276741800153 0.921672301426 0.736981103572 0.71450203403 
1
0.891415366015 0.661562560076 0.79497131678 0.612735748195 
1
0.437075611797 0.300847815154 0.716550678178 0.239545757124 
0
0.660204909075 0.309163041125 0.864311669808 0.873306677082 
1
0.9768535348 0.740890799109 0.812636050257 0.780139099022 
1
